compile
git branch
run 10000000 3 3000 1
run 10000000 3 3000 2
run 10000000 3 3000 4
run 5000000 2 3000 1
run 5000000 2 3000 2
run 5000000 2 3000 4
run 10000000 2 3000 1
run 10000000 2 3000 2
run 10000000 2 3000 4
run 10000000 2 3000 1
compile
run 10000000 3 3000 1
run 10000000 3 3000 2
run 10000000 3 3000 4
run 1500000 6 3000 1
run 1500000 6 3000 2
run 1500000 6 3000 1
run 1500000 6 3000 4
run 1500000 7 3000 1
run 1500000 7 3000 2
run 1500000 7 3000 4
run 750000 8 3000 1
run 750000 8 3000 2
run 750000 8 3000 4
compile
run 1500000 7 3000 1
compile
run 1500000 7 3000 1
compile
run 1500000 7 3000 1
compile
run 1500000 7 3000 1
compile
run 10 2 10 1
compile
run 10 2 10 1
compile
run 10 2 10 1
compile
run 10 2 10 1
compile
run 10 2 10 1
compile
run 10 2 10 1
compile
run 10 2 10 1
compile
run 10 2 10 1
compile
run 10 2 10 1
compile
run 100000 8 3000 1
run 100000 8 3000 2
run 100000 8 3000 4
compile
run
run 5000000 2 3000 1
run 5000000 2 3000 2
run 5000000 2 3000 4
run 5000000 2 3000 1
run 5000000 2 3000 2
run 5000000 2 3000 4
compile
run 5000000 2 3000 1
run 5000000 2 3000 2
run 5000000 2 3000 4
run 100000 2 3000 1
run 100000 2 3000 2
run 100000 2 3000 4
run 200000 2 3000 1
run 200000 2 3000 2
run 200000 2 3000 4
run 300000 2 3000 1
run 300000 2 3000 2
run 300000 2 3000 4
run 400000 2 3000 1
run 400000 2 3000 2
run 400000 2 3000 4
run 400000 2 3000 3
run 500000 2 3000 1
run 500000 2 3000 2
run 500000 2 3000 4
run 600000 2 3000 1
run 600000 2 3000 2
run 600000 2 3000 4
run 700000 2 3000 1
run 700000 2 3000 2
run 700000 2 3000 4
run 800000 2 3000 1
run 800000 2 3000 2
run 800000 2 3000 4
run 900000 2 3000 1
run 900000 2 3000 2
run 900000 2 3000 4
run 1000000 2 3000 1
run 1000000 2 3000 2
run 1000000 2 3000 4
run 1500000 2 3000 1
run 1500000 2 3000 2
run 1500000 2 3000 4
run 5000000 2 3000 1
run 5000000 2 3000 2
run 5000000 2 3000 1
run 5000000 2 3000 4
run 10000000 2 3000 1
run 10000000 2 3000 2
run 10000000 2 3000 4
run 100000 3 3000 1
run 100000 3 3000 2
run 100000 3 3000 4
run 200000 3 3000 1
run 200000 3 3000 2
run 200000 3 3000 4
run 300000 3 3000 1
run 300000 3 3000 2
run 300000 3 3000 4
run 400000 3 3000 1
run 400000 3 3000 2
run 400000 3 3000 4
run 500000 3 3000 1
run 500000 3 3000 2
run 500000 3 3000 4
run 500000 3 3000 2
run 600000 3 3000 1
run 600000 3 3000 2
run 600000 3 3000 4
run 700000 3 3000 1
run 700000 3 3000 2
run 700000 3 3000 4
run 800000 3 3000 1
run 800000 3 3000 2
run 800000 3 3000 4
run9800000 3 3000 1
run 900000 3 3000 1
run 900000 3 3000 2
run 900000 3 3000 4
run 1000000 3 3000 1
run 1000000 3 3000 2
run 1000000 3 3000 4
run 1500000 3 3000 1
run 1500000 3 3000 2
run 1500000 3 3000 4
run 5000000 3 3000 1
run 5000000 3 3000 2
run 5000000 3 3000 4
run 5000000 3 3000 2
run 10000000 3 3000 1
run 10000000 3 3000 2
run 10000000 3 3000 4
run 100000 3 3000 1
run 100000 3 3000 2
run 100000 3 3000 4
run 500000 3 3000 1
run 500000 3 3000 2
run 500000 3 3000 4
run 600000 3 3000 1
run 100000 4 3000 1
run 100000 4 3000 2
run 100000 4 3000 4
run 500000 4 3000 1
run 500000 4 3000 2
run 500000 4 3000 4
run 750000 4 3000 1
run 750000 4 3000 2
run 750000 4 3000 4
run 1000000 4 3000 1
run 1000000 4 3000 2
run 1000000 4 3000 4
run 1500000 4 3000 1
run 1500000 4 3000 2
run 1500000 4 3000 4
run 5000000 4 3000 1
run 5000000 4 3000 2
run 5000000 4 3000 4
run 10000000 4 3000 1
run 10000000 4 3000 2
run 10000000 4 3000 4
run 100000 5 3000 1
run 100000 5 3000 2
run 100000 5 3000 4
run 500000 5 3000 1
run 500000 5 3000 2
run 500000 5 3000 4
run 750000 5 3000 1
run 500000 5 3000 1
run 750000 5 3000 1
run 750000 5 3000 2
run 750000 5 3000 4
run 1000000 5 3000 1
run 1000000 5 3000 2
run 1000000 5 3000 4
run 1500000 5 3000 1
run 1500000 5 3000 2
run 1500000 5 3000 4
run 1500000 6 3000 1
run 1500000 6 3000 2
run 1500000 6 3000 1
run 1500000 6 3000 4
